1,6
1,2
1,8
1,8
1,8
1,3
1,3
1,8
1,10
1,5
1,6
1,2
1,1
1,7
1,5
1,5
1,8
2,6
2,2
2,10
2,10
2,8
2,10
2,3
2,3
2,8
2,10
2,2
2,6
2,8
2,2
2,5
2,3
2,3
3,2
3,5
3,10
3,8
3,8
3,10
3,10
3,4
3,8
3,6
3,5
3,2
3,2
3,9
3,5
3,3
3,3
4,6
4,3
4,1
4,3
4,3
4,3
4,10
4,3
4,10
4,1
4,6
4,9
4,10
4,2
4,5
4,10
4,8
5,6
5,4
5,8
5,3
5,8
5,3
5,3
5,8
5,8
5,2
5,6
5,9
5,5
5,10
5,5
5,3
5,10
6,1
6,9
6,8
6,3
6,8
6,10
6,8
6,8
6,4
6,5
6,6
6,6
6,10
6,2
6,5
6,10
6,9
7,9
7,9
7,5
7,3
7,3
7,3
7,8
7,10
7,8
7,5
7,2
7,7
7,8
7,1
7,10
7,4
7,10
8,0
8,8
8,10
8,3
8,8
8,3
8,3
8,10
8,8
8,5
8,2
8,8
8,6
8,5
8,5
8,8
8,8
9,2
9,1
9,10
9,10
9,8
9,3
9,3
9,9
9,8
9,2
9,8
9,5
9,5
9,2
9,4
9,8
9,3
10,1
10,8
10,8
10,8
10,8
10,10
10,10
10,8
10,8
10,1
10,2
10,5
10,5
10,1
10,4
10,1
10,10
11,1
11,5
11,4
11,5
11,8
11,3
11,4
11,4
11,8
11,10
11,9
11,8
11,10
11,2
11,4
11,3
11,8
12,1
12,6
12,10
12,5
12,8
12,4
12,4
12,3
12,8
12,5
12,2
12,5
12,6
12,2
12,3
12,5
12,10
13,1
13,10
13,4
13,10
13,8
13,10
13,8
13,4
13,8
13,10
13,6
13,9
13,10
13,6
13,5
13,8
13,8
14,5
14,9
14,10
14,10
14,3
14,3
14,10
14,3
14,8
14,2
14,2
14,9
14,3
14,1
14,10
14,8
14,10
15,3
15,10
15,4
15,10
15,8
15,3
15,8
15,8
15,8
15,2
15,8
15,1
15,5
15,10
15,10
15,3
15,8
16,1
16,3
16,4
16,10
16,8
16,4
16,8
16,5
16,8
16,6
16,5
16,5
16,10
16,4
16,3
16,3
16,8
17,3
17,4
17,3
17,4
17,8
17,4
17,5
17,8
17,4
17,3
17,8
17,2
17,5
17,9
17,3
17,3
17,8
18,3
18,10
18,8
18,3
18,8
18,4
18,8
18,3
18,4
18,2
18,8
18,10
18,10
18,9
18,3
18,8
18,8
19,5
19,1
19,6
19,8
19,8
19,4
19,8
19,8
19,8
19,2
19,2
19,8
19,10
19,2
19,8
19,5
19,8
20,9
20,3
20,8
20,8
20,8
20,10
20,4
20,8
20,8
20,2
20,6
20,2
20,10
20,9
20,4
20,5
20,8
21,5
21,1
21,10
21,3
21,4
21,8
21,8
21,8
21,8
21,2
21,5
21,1
21,6
21,2
21,3
21,8
21,5
22,2
22,3
22,10
22,3
22,8
22,3
22,8
22,2
22,8
22,2
22,8
22,8
22,2
22,7
22,4
22,10
22,8
23,7
23,10
23,3
23,3
23,5
23,8
23,8
23,2
23,8
23,2
23,5
23,8
23,4
23,8
23,4
23,8
23,8
24,9
24,1
24,2
24,8
24,8
24,10
24,8
24,4
24,8
24,10
24,3
24,3
24,3
24,2
24,3
24,3
24,10
25,5
25,5
25,8
25,8
25,8
25,6
25,3
25,8
25,8
25,10
25,5
25,2
25,10
25,2
25,3
25,8
25,8
26,10
26,5
26,8
26,8
26,8
26,8
26,8
26,8
26,8
26,9
26,6
26,1
26,3
26,8
26,8
26,8
26,8
27,10
27,2
27,3
27,4
27,8
27,10
27,8
27,3
27,10
27,6
27,2
27,5
27,5
27,5
27,8
27,4
27,8
28,9
28,8
28,10
28,4
28,8
28,8
28,8
28,3
28,3
28,5
28,2
28,8
28,2
28,9
28,3
28,1
28,5
29,10
29,3
29,8
29,4
29,8
29,8
29,8
29,8
29,8
29,5
29,2
29,2
29,2
29,8
29,8
29,8
29,8
30,1
30,10
30,10
30,3
30,8
30,8
30,3
30,8
30,3
30,1
30,1
30,2
30,8
30,8
30,8
30,8
30,8
31,5
31,8
31,8
31,10
31,8
31,8
31,4
31,8
31,3
31,9
31,1
31,1
31,8
31,6
31,8
31,8
31,8
32,5
32,3
32,8
32,8
32,10
32,8
32,8
32,4
32,8
32,10
32,2
32,2
32,9
32,2
32,8
32,3
32,5
33,10
33,3
33,8
33,8
33,3
33,10
33,10
33,2
33,10
33,1
33,2
33,9
33,2
33,2
33,8
33,4
33,8
34,2
34,3
34,8
34,10
34,4
34,4
34,3
34,2
34,8
34,5
34,4
34,9
34,10
34,0
34,8
34,8
34,10
35,9
35,5
35,4
35,10
35,8
35,4
35,5
35,8
35,8
35,10
35,2
35,9
35,3
35,1
35,8
35,3
36,0
36,10
36,3
36,10
36,3
36,10
36,8
36,4
36,8
36,2
36,2
36,9
36,3
36,8
36,8
36,10
37,11
37,8
37,8
37,10
37,8
37,10
37,5
37,3
37,8
37,8
37,3
37,1
37,8
37,6
37,8
37,10
38,6
38,4
38,10
38,3
38,3
38,5
38,3
38,3
38,3
38,7
38,5
38,1
38,5
38,8
38,8
38,4
39,1
39,3
39,3
39,3
39,10
39,10
39,3
39,8
39,4
39,2
39,2
39,1
39,10
39,6
39,8
39,3
40,2
40,8
40,3
40,3
40,3
40,3
40,10
40,8
40,4
40,5
40,8
40,1
40,3
40,2
40,8
40,1
41,4
41,10
41,8
41,8
41,3
41,4
41,3
41,4
41,8
41,2
41,8
41,1
41,2
41,1
41,8
41,8
42,2
42,5
42,4
42,8
42,8
42,8
42,10
42,8
42,8
42,2
42,2
42,1
42,2
42,5
42,4
42,8
43,5
43,5
43,3
43,3
43,3
43,3
43,5
43,8
43,10
43,5
43,6
43,3
43,2
43,6
43,8
43,10
44,2
44,4
44,5
44,3
44,3
44,3
44,5
44,8
44,8
44,9
44,7
44,4
44,9
44,2
44,8
44,8
45,1
45,3
45,5
45,10
45,8
45,8
45,6
45,8
45,8
45,1
45,6
45,1
45,1
45,6
45,3
45,6
46,10
46,10
46,5
46,8
46,8
46,5
46,5
46,8
46,8
46,9
46,2
46,10
46,5
46,5
46,8
46,5
47,8
47,5
47,10
47,3
47,8
47,9
47,5
47,8
47,8
47,10
47,2
47,2
47,3
47,1
47,3
47,8
48,5
48,5
48,5
48,8
48,8
48,5
48,3
48,8
48,8
48,5
48,2
48,9
48,3
48,1
48,8
48,6
49,8
49,5
49,1
49,3
49,10
49,9
49,10
49,10
49,3
49,2
49,6
49,1
49,8
49,2
49,8
49,8
50,8
50,10
50,5
50,10
50,8
50,3
50,10
50,3
50,10
50,9
50,5
50,10
50,8
50,2
50,8
50,3
51,5
51,3
51,5
51,3
51,3
51,8
51,8
51,8
51,8
51,5
51,2
51,2
51,1
51,1
51,3
51,10
52,2
52,8
52,10
52,8
52,3
52,3
52,10
52,8
52,8
52,2
52,2
52,2
52,2
52,9
52,10
52,8
53,9
53,8
53,10
53,4
53,8
53,5
53,3
53,3
53,8
53,5
53,2
53,5
53,8
53,1
53,5
53,10
54,9
54,6
54,3
54,3
54,8
54,3
54,8
54,8
54,9
54,9
54,1
54,2
54,1
54,4
54,10
55,5
55,8
55,3
55,3
55,6
55,4
55,3
55,8
55,8
55,9
55,2
55,9
55,1
55,10
55,3
56,10
56,10
56,8
56,8
56,8
56,3
56,3
56,8
56,9
56,8
56,8
56,1
56,5
56,4
56,8
57,1
57,8
57,8
57,3
57,8
57,8
57,8
57,1
57,2
57,2
57,6
57,1
57,3
57,3
58,1
58,8
58,8
58,3
58,2
58,8
58,8
58,9
58,2
58,9
58,9
58,10
58,1
59,5
59,8
59,8
59,3
59,2
59,8
59,8
59,2
59,5
59,8
59,2
59,10
59,3
60,9
60,4
60,10
60,8
60,8
60,5
60,4
60,1
60,5
60,9
60,5
60,8
61,10
61,8
61,8
61,8
61,8
61,1
61,2
61,1
61,9
61,2
61,10
61,10
62,2
62,8
62,3
62,8
62,10
62,2
62,2
62,8
62,9
62,9
62,4
62,9
63,10
63,4
63,3
63,3
63,8
63,2
63,2
63,2
63,1
63,5
63,10
63,3
64,10
64,10
64,8
64,8
64,3
64,2
64,3
64,9
64,9
64,2
64,8
64,2
65,3
65,3
65,8
65,8
65,8
65,6
65,8
65,2
65,2
65,9
65,10
65,10
66,9
66,10
66,3
66,8
66,8
66,5
66,9
66,2
66,1
66,6
66,8
66,10
67,5
67,3
67,8
67,8
67,8
67,7
67,8
67,1
67,10
67,9
67,8
67,10
68,4
68,6
68,3
68,8
68,9
68,9
68,9
68,1
68,8
68,2
68,8
68,4
69,7
69,10
69,8
69,8
69,8
69,8
69,2
69,2
69,8
69,6
69,5
69,10
70,2
70,3
70,8
70,8
70,3
70,9
70,6
70,9
70,1
70,2
70,10
70,8
71,4
71,3
71,10
71,8
71,8
71,1
71,2
71,2
71,1
71,2
71,5
72,9
72,4
72,4
72,8
72,8
72,1
72,8
72,2
72,3
72,2
72,5
73,9
73,8
73,10
73,8
73,10
73,9
73,6
73,8
73,2
73,2
73,8
74,1
74,8
74,3
74,8
74,8
74,1
74,9
74,3
74,1
74,9
75,5
75,8
75,3
75,8
75,8
75,9
75,8
75,8
75,1
75,2
76,2
76,10
76,8
76,10
76,8
76,5
76,8
76,8
76,2
76,1
77,8
77,8
77,8
77,8
77,8
77,3
77,8
77,9
77,0
77,2
78,1
78,10
78,1
78,10
78,8
78,9
78,8
78,1
78,2
78,1
79,5
79,8
79,4
79,3
79,8
79,2
79,8
79,7
79,2
79,2
80,9
80,8
80,8
80,8
80,8
80,2
80,6
80,1
80,2
80,5
81,6
81,8
81,4
81,10
81,8
81,9
81,2
81,9
81,1
81,6
82,5
82,10
82,10
82,8
82,10
82,1
82,2
82,2
82,9
82,6
83,7
83,8
83,10
83,8
83,8
83,1
83,9
83,5
83,1
83,5
84,10
84,8
84,4
84,10
84,3
84,1
84,6
84,2
84,8
84,6
85,1
85,3
85,4
85,8
85,8
85,2
85,8
85,5
85,1
85,9
86,8
86,8
86,10
86,4
86,3
86,6
86,2
86,2
86,1
86,9
87,1
87,8
87,4
87,8
87,4
87,2
87,2
87,9
87,4
87,2
88,7
88,3
88,10
88,8
88,3
88,2
88,2
88,2
88,9
88,8
89,7
89,3
89,10
89,8
89,8
89,6
89,5
89,9
89,9
89,4
90,1
90,3
90,10
90,8
90,8
90,1
90,5
90,5
90,5
90,2
91,5
91,4
91,4
91,3
91,8
91,2
91,9
91,2
91,2
91,2
92,5
92,1
92,3
92,8
92,3
92,2
92,9
92,3
92,8
92,7
93,10
93,2
93,8
93,8
93,8
93,1
93,9
93,9
93,8
93,6
94,9
94,1
94,8
94,8
94,8
94,2
94,1
94,1
94,8
94,6
95,9
95,8
95,10
95,8
95,3
95,6
95,6
95,6
95,5
95,6
96,5
96,8
96,3
96,8
96,3
96,1
96,2
96,2
96,7
96,10
97,9
97,3
97,8
97,8
97,5
97,10
97,2
97,5
97,2
98,5
98,3
98,8
98,8
98,6
98,10
98,11
98,1
98,2
99,2
99,8
99,8
99,8
99,1
99,9
99,9
99,8
99,2
100,1
100,8
100,8
100,8
100,0
100,10
100,6
100,2
100,5
101,1
101,8
101,8
101,8
101,2
101,1
101,8
101,2
101,2
102,5
102,10
102,10
102,8
102,2
102,5
102,0
102,8
102,6
103,8
103,4
103,8
103,8
103,0
103,7
103,2
103,2
103,11
104,7
104,5
104,8
104,3
104,2
104,9
104,1
104,6
104,11
105,5
105,10
105,8
105,8
105,0
105,1
105,9
105,8
105,8
106,2
106,8
106,8
106,3
106,5
106,10
106,9
106,1
106,6
107,5
107,3
107,8
107,8
107,2
107,2
107,2
107,1
107,2
108,10
108,8
108,2
108,3
108,9
108,2
108,2
108,3
108,6
109,0
109,3
109,6
109,8
109,6
109,6
109,2
109,2
109,2
110,6
110,8
110,6
110,3
110,2
110,2
110,2
110,2
110,6
111,9
111,8
111,8
111,8
111,2
111,9
111,9
111,9
111,2
112,5
112,10
112,8
112,3
112,1
112,5
112,1
112,5
112,0
113,10
113,3
113,8
113,8
113,1
113,1
113,5
113,1
113,8
114,6
114,3
114,8
114,4
114,9
114,6
114,8
114,5
114,6
115,9
115,3
115,8
115,8
115,9
115,1
115,6
115,9
115,9
116,2
116,3
116,8
116,10
116,4
116,9
116,5
116,9
116,2
117,5
117,3
117,8
117,8
117,9
117,9
117,2
117,5
117,5
118,2
118,3
118,8
118,8
118,1
118,1
118,2
118,1
118,2
119,9
119,8
119,8
119,8
119,2
119,1
119,1
119,6
119,2
120,7
120,10
120,8
120,8
120,6
120,1
120,1
120,5
120,2
121,9
121,3
121,8
121,8
121,2
121,1
121,9
121,2
121,5
122,2
122,3
122,3
122,3
122,2
122,2
122,2
122,2
122,2
123,9
123,3
123,5
123,8
123,6
123,2
123,2
123,9
123,5
124,5
124,3
124,10
124,10
124,10
124,7
124,5
124,2
124,6
125,9
125,10
125,3
125,2
125,2
125,9
125,9
125,1
126,2
126,8
126,3
126,1
126,2
126,2
126,1
126,4
127,2
127,8
127,8
127,2
127,9
127,2
127,2
127,6
128,9
128,4
128,4
128,1
128,9
128,2
128,1
128,6
129,7
129,6
129,3
129,4
129,2
129,1
129,9
129,2
130,6
130,6
130,3
130,5
130,2
130,1
130,8
130,10
131,9
131,2
131,3
131,2
131,1
131,1
131,2
131,2
132,9
132,8
132,8
132,9
132,7
132,2
132,2
132,8
133,9
133,4
133,8
133,6
133,9
133,2
133,8
133,11
134,1
134,10
134,8
134,2
134,2
134,1
134,5
134,2
135,8
135,8
135,4
135,2
135,9
135,9
135,1
135,2
136,5
136,8
136,4
136,2
136,6
136,9
136,9
136,2
137,10
137,8
137,8
137,2
137,9
137,1
137,2
137,9
138,8
138,10
138,8
138,6
138,9
138,3
138,9
138,6
139,9
139,8
139,4
139,2
139,6
139,2
139,5
139,10
140,1
140,3
140,3
140,2
140,9
140,2
140,1
140,0
141,2
141,10
141,10
141,2
141,1
141,5
141,8
141,6
142,2
142,8
142,3
142,1
142,6
142,3
142,2
142,5
143,2
143,8
143,8
143,7
143,9
143,9
143,9
143,1
144,6
144,3
144,8
144,5
144,5
144,9
144,3
144,9
145,10
145,3
145,3
145,1
145,8
145,9
145,5
145,7
146,9
146,8
146,10
146,1
146,1
146,9
146,10
146,2
147,4
147,3
147,3
147,2
147,5
147,2
147,2
147,2
148,5
148,5
148,4
148,2
148,2
148,0
148,1
148,2
149,5
149,8
149,8
149,6
149,6
149,9
149,2
149,2
150,3
150,8
150,4
150,2
150,1
150,2
150,9
150,2
151,1
151,3
151,3
151,6
151,1
151,8
151,2
151,2
152,9
152,3
152,3
152,5
152,1
152,8
152,2
152,0
153,10
153,5
153,3
153,5
153,0
153,8
153,2
153,9
154,9
154,10
154,8
154,2
154,9
154,10
154,2
154,10
155,0
155,8
155,3
155,9
155,9
155,9
155,2
155,1
156,2
156,8
156,3
156,5
156,9
156,1
156,9
156,6
157,0
157,8
157,3
157,2
157,4
157,1
157,5
157,6
158,0
158,8
158,3
158,6
158,9
158,2
158,5
158,2
159,9
159,8
159,10
159,2
159,2
159,1
159,9
159,6
160,8
160,8
160,4
160,2
160,9
160,9
160,2
160,6
161,6
161,8
161,3
161,11
161,6
161,1
161,10
161,2
162,6
162,8
162,8
162,1
162,2
162,2
162,4
162,2
163,1
163,8
163,4
163,6
163,7
163,7
163,3
163,2
164,5
164,3
164,10
164,10
164,4
164,5
164,1
164,6
165,6
165,8
165,8
165,6
165,4
165,2
165,2
165,1
166,5
166,1
166,10
166,5
166,2
166,2
166,2
166,2
167,10
167,5
167,10
167,1
167,2
167,2
167,2
167,2
168,2
168,3
168,8
168,2
168,9
168,2
168,3
168,2
169,8
169,3
169,4
169,2
169,9
169,1
169,9
169,2
170,5
170,3
170,4
170,2
170,2
170,5
170,8
170,2
171,6
171,8
171,10
171,2
171,2
171,1
171,10
171,6
172,9
172,10
172,4
172,2
172,5
172,8
172,8
172,2
173,5
173,3
173,4
173,2
173,2
173,9
173,9
173,1
174,2
174,8
174,4
174,6
174,2
174,2
174,8
174,6
175,1
175,3
175,3
175,2
175,2
175,2
175,9
175,2
176,8
176,10
176,4
176,2
176,6
176,4
176,3
176,2
177,5
177,10
177,3
177,10
177,9
177,1
177,5
177,2
178,6
178,5
178,4
178,2
178,9
178,2
178,4
178,2
179,3
179,8
179,3
179,1
179,7
179,7
179,9
179,2
180,5
180,8
180,3
180,0
180,1
180,8
180,9
180,1
181,9
181,5
181,10
181,8
181,2
181,6
181,10
181,2
182,2
182,10
182,3
182,6
182,2
182,2
182,2
182,2
183,2
183,10
183,4
183,6
183,1
183,10
183,2
183,2
184,9
184,10
184,8
184,4
184,8
184,1
184,9
184,8
185,5
185,8
185,4
185,10
185,9
185,1
185,7
185,4
186,6
186,8
186,1
186,9
186,2
186,4
186,6
187,9
187,5
187,6
187,2
187,6
187,2
187,6
188,5
188,8
188,6
188,6
188,1
188,1
188,6
189,7
189,4
189,8
189,2
189,6
189,8
189,2
190,1
190,4
190,9
190,7
190,5
190,6
190,1
191,8
191,4
191,10
191,9
191,1
191,9
191,2
192,5
192,4
192,10
192,5
192,1
192,1
192,6
193,9
193,4
193,2
193,2
193,2
193,8
193,6
194,9
194,4
194,2
194,9
194,8
194,8
194,6
195,5
195,8
195,0
195,5
195,8
195,8
195,2
196,6
196,8
196,8
196,2
196,8
196,5
196,6
197,5
197,10
197,9
197,1
197,2
197,9
197,1
198,5
198,4
198,6
198,9
198,2
198,8
198,6
199,1
199,4
199,6
199,2
199,2
199,8
199,6
200,10
200,3
200,8
200,6
200,6
200,9
200,2
201,6
201,4
201,6
201,6
201,2
201,8
201,2
202,10
202,3
202,9
202,1
202,2
202,8
202,2
203,2
203,3
203,6
203,6
203,8
203,1
203,9
204,9
204,8
204,8
204,2
204,1
204,5
204,2
205,5
205,8
205,8
205,1
205,6
205,3
205,2
206,5
206,8
206,6
206,1
206,9
206,10
206,2
207,5
207,8
207,6
207,1
207,6
207,9
207,6
208,1
208,8
208,6
208,10
208,1
208,5
208,2
209,9
209,8
209,2
209,6
209,2
209,2
209,2
210,2
210,8
210,6
210,2
210,5
210,8
210,1
211,2
211,10
211,6
211,6
211,6
211,8
211,6
212,5
212,10
212,10
212,1
212,9
212,2
212,2
213,1
213,8
213,4
213,8
213,8
213,1
213,2
214,1
214,10
214,2
214,2
214,9
214,10
214,9
215,5
215,3
215,9
215,9
215,1
215,10
215,9
216,5
216,10
216,5
216,6
216,2
216,2
216,9
217,9
217,8
217,2
217,2
217,2
217,2
217,8
218,4
218,3
218,2
218,8
218,8
218,2
218,1
219,4
219,3
219,6
219,6
219,1
219,1
219,5
220,5
220,4
220,6
220,2
220,8
220,2
220,1
221,4
221,4
221,1
221,2
221,2
221,1
221,8
222,6
222,8
222,2
222,1
222,9
222,8
222,8
223,6
223,3
223,6
223,7
223,6
223,5
223,9
224,6
224,3
224,6
224,6
224,9
224,6
224,0
225,10
225,8
225,6
225,2
225,6
225,2
226,5
226,3
226,6
226,5
226,8
226,9
227,2
227,8
227,2
227,9
227,2
227,0
228,3
228,8
228,8
228,9
228,1
228,2
229,10
229,8
229,8
229,1
229,6
229,2
230,8
230,8
230,8
230,6
230,9
230,2
231,1
231,10
231,8
231,1
231,6
231,9
232,8
232,3
232,8
232,6
232,1
232,9
233,10
233,3
233,6
233,2
233,9
233,1
234,2
234,3
234,6
234,2
234,2
234,1
235,10
235,3
235,6
235,2
235,1
235,9
236,5
236,9
236,8
236,2
236,10
236,2
237,1
237,8
237,5
237,2
237,8
237,1
238,8
238,8
238,0
238,6
238,5
238,1
239,1
239,8
239,6
239,9
239,9
239,1
240,2
240,10
240,1
240,2
240,5
240,8
241,8
241,3
241,0
241,2
241,8
241,8
242,10
242,8
242,5
242,9
242,6
242,9
243,2
243,8
243,6
243,8
243,9
243,8
244,1
244,3
244,1
244,7
244,9
244,1
245,2
245,3
245,6
245,8
245,5
245,1
246,9
246,8
246,6
246,1
246,9
246,2
247,9
247,8
247,6
247,2
247,9
247,11
248,1
248,8
248,2
248,2
248,6
248,8
249,9
249,4
249,6
249,2
249,2
249,9
250,2
250,8
250,6
250,6
250,8
250,8
251,2
251,8
251,2
251,1
251,9
251,1
252,2
252,8
252,5
252,7
252,6
252,2
253,2
253,8
253,2
253,8
253,2
253,9
254,2
254,8
254,2
254,1
254,6
254,2
255,8
255,8
255,2
255,10
255,2
255,1
256,2
256,10
256,2
256,2
256,2
256,9
257,9
257,4
257,6
257,9
257,1
257,2
258,2
258,8
258,7
258,6
258,1
258,2
259,6
259,10
259,2
259,7
259,1
259,2
260,6
260,8
260,6
260,2
260,6
260,9
261,7
261,3
261,9
261,9
261,9
261,8
262,2
262,4
262,8
262,2
262,9
262,8
263,2
263,3
263,2
263,7
263,1
263,2
264,1
264,10
264,0
264,6
264,6
264,2
265,1
265,8
265,6
265,2
265,2
265,8
266,10
266,8
266,6
266,2
266,2
266,2
267,6
267,8
267,6
267,2
267,9
267,1
268,1
268,3
268,0
268,1
268,2
268,1
269,8
269,4
269,7
269,1
269,9
269,2
270,3
270,8
270,0
270,9
270,9
270,8
271,2
271,8
271,2
271,6
271,0
271,9
272,2
272,8
272,10
272,1
272,2
272,2
273,6
273,3
273,10
273,1
273,1
273,5
274,1
274,4
274,6
274,0
274,9
274,5
275,9
275,4
275,1
275,8
275,4
275,4
276,2
276,8
276,2
276,1
276,2
276,2
277,2
277,2
277,6
277,6
277,9
277,6
278,9
278,8
278,2
278,2
278,8
278,9
279,2
279,10
279,6
279,8
279,8
279,9
280,9
280,3
280,0
280,8
280,8
280,2
281,5
281,3
281,2
281,8
281,9
281,10
282,2
282,8
282,2
282,4
282,7
282,2
283,1
283,8
283,3
283,0
283,9
283,9
284,5
284,8
284,2
284,0
284,2
284,8
285,5
285,8
285,2
285,6
285,8
285,10
286,5
286,8
286,2
286,8
286,8
286,2
287,7
287,8
287,2
287,8
287,9
287,2
288,5
288,8
288,2
288,2
288,9
288,6
289,2
289,8
289,2
289,2
289,1
289,6
290,5
290,8
290,2
290,1
290,5
290,8
291,10
291,8
291,2
291,0
291,8
291,9
292,5
292,8
292,6
292,2
292,1
292,6
293,2
293,8
293,8
293,8
293,9
293,6
294,2
294,8
294,2
294,6
294,9
294,6
295,5
295,8
295,9
295,2
295,7
295,9
296,9
296,8
296,6
296,0
296,2
296,2
297,2
297,8
297,1
297,2
297,9
297,9
298,9
298,8
298,5
298,6
298,9
298,2
299,8
299,8
299,2
299,2
299,2
299,2
300,2
300,8
300,2
300,2
300,2
300,1
301,1
301,5
301,2
301,8
301,1
301,8
302,5
302,2
302,2
302,6
302,5
302,1
303,10
303,2
303,6
303,2
303,2
303,2
304,1
304,8
304,2
304,2
304,5
304,9
305,2
305,2
305,1
305,2
305,2
305,6
306,2
306,8
306,2
306,8
306,8
306,2
307,5
307,8
307,2
307,2
307,10
307,4
308,10
308,8
308,2
308,2
308,8
308,4
309,6
309,3
309,2
309,2
309,5
309,8
310,8
310,8
310,6
310,2
310,8
310,8
311,10
311,8
311,6
311,2
311,5
311,6
312,5
312,8
312,9
312,2
312,9
312,10
313,6
313,8
313,5
313,2
313,6
313,9
314,2
314,9
314,6
314,2
314,5
314,9
315,2
315,8
315,2
315,6
315,7
315,9
316,9
316,4
316,2
316,8
316,10
316,6
317,4
317,8
317,6
317,5
317,2
317,2
318,1
318,8
318,8
318,0
318,10
318,2
319,8
319,8
319,6
319,2
319,8
319,2
320,9
320,8
320,2
320,2
320,10
320,2
321,1
321,8
321,2
321,2
321,10
321,6
322,6
322,8
322,2
322,1
322,1
322,0
323,7
323,8
323,2
323,8
323,1
323,0
324,8
324,10
324,6
324,2
324,1
324,2
325,1
325,3
325,2
325,5
325,1
325,2
326,5
326,5
326,6
326,6
326,2
326,2
327,5
327,5
327,1
327,9
327,2
327,1
328,9
328,10
328,2
328,2
328,8
328,9
329,10
329,5
329,6
329,2
329,8
329,6
330,1
330,8
330,2
330,9
330,9
331,2
331,8
331,2
331,2
331,5
332,8
332,8
332,7
332,2
332,1
333,1
333,4
333,2
333,6
333,5
334,2
334,8
334,9
334,2
334,5
335,8
335,10
335,6
335,6
335,1
336,8
336,8
336,0
336,2
336,5
337,9
337,8
337,6
337,2
337,6
338,3
338,3
338,11
338,10
338,10
339,4
339,10
339,6
339,2
339,2
340,5
340,3
340,5
340,1
340,2
341,1
341,5
341,5
341,9
341,8
342,10
342,3
342,2
342,6
342,2
343,5
343,8
343,11
343,5
343,1
344,7
344,3
344,8
344,2
344,2
345,6
345,8
345,2
345,5
346,5
346,6
346,5
346,1
347,2
347,2
347,2
347,1
348,8
348,1
348,2
348,6
349,2
349,6
349,9
349,8
350,8
350,0
350,9
350,2
351,2
351,2
351,2
351,2
352,5
352,2
352,8
352,1
353,1
353,5
353,2
353,9
354,5
354,0
354,6
354,2
355,1
355,6
355,2
355,2
356,2
356,2
356,2
356,8
357,7
357,6
357,6
357,10
358,8
358,2
358,0
358,2
359,8
359,8
359,6
359,9
360,7
360,5
360,9
360,2
361,8
361,2
361,1
361,2
362,8
362,2
362,2
362,2
363,4
363,6
363,2
363,9
364,8
364,1
364,5
364,9
365,10
365,6
365,2
365,9
366,5
366,6
366,6
366,6
367,5
367,11
367,1
367,1
368,9
368,3
368,6
368,1
369,5
369,5
369,5
369,2
370,8
370,5
370,6
370,5
371,9
371,6
371,6
371,5
372,8
372,8
372,8
372,8
373,1
373,1
373,2
373,8
374,1
374,9
374,10
374,6
375,1
375,8
375,6
375,8
376,5
376,8
376,6
376,2
377,9
377,6
377,2
377,10
378,1
378,8
378,6
378,5
379,9
379,1
379,2
379,4
380,5
380,6
380,2
380,2
381,8
381,2
381,6
381,10
382,5
382,6
382,2
382,1
383,9
383,2
383,2
383,2
384,10
384,2
384,1
384,6
385,6
385,8
385,2
385,7
386,9
386,2
386,6
386,9
387,10
387,6
387,6
387,8
388,3
388,2
388,2
388,5
389,3
389,8
389,1
389,5
390,5
390,6
390,1
390,4
391,3
391,2
391,2
391,2
392,9
392,2
392,9
392,1
393,2
393,8
393,6
393,2
394,10
394,2
394,6
394,2
395,2
395,1
395,1
395,9
396,1
396,2
396,2
396,4
397,8
397,2
397,9
397,6
398,1
398,2
398,2
398,4
399,4
399,6
399,1
399,1
400,10
400,2
400,6
400,8
401,4
401,8
401,9
401,10
402,1
402,8
402,2
402,1
403,9
403,6
403,6
403,5
404,3
404,8
404,2
404,1
405,8
405,1
405,2
405,2
406,2
406,6
406,1
406,2
407,8
407,11
407,9
407,7
408,8
408,6
408,9
408,1
409,9
409,2
409,6
409,5
410,6
410,2
410,2
410,8
411,4
411,5
411,10
411,8
412,6
412,2
412,7
412,8
413,10
413,6
413,2
413,6
414,6
414,0
414,2
414,8
415,8
415,6
415,2
415,1
416,5
416,2
416,2
416,1
417,8
417,2
417,6
417,9
418,8
418,2
418,6
418,9
419,8
419,6
419,2
419,1
420,8
420,8
420,2
420,6
421,8
421,2
421,6
421,9
422,2
422,2
422,2
422,5
423,2
423,2
423,1
423,7
424,8
424,2
424,2
424,4
425,8
425,2
425,9
425,8
426,1
426,6
426,2
426,2
427,8
427,2
427,5
427,1
428,0
428,2
428,1
429,2
429,2
429,2
430,0
430,2
430,1
431,6
431,2
431,1
432,1
432,6
432,9
433,1
433,3
433,1
434,1
434,9
434,1
435,1
435,6
435,8
436,2
436,9
436,2
437,2
437,9
437,8
438,5
438,6
438,2
439,6
439,5
439,1
440,2
440,2
440,8
441,7
441,6
441,8
442,2
442,6
442,2
443,2
443,0
443,8
444,6
444,2
444,8
445,6
445,2
445,9
446,10
446,2
446,5
447,2
447,2
447,2
448,6
448,0
448,8
449,6
449,5
449,9
450,4
450,2
450,9
451,9
451,2
451,8
452,9
452,2
452,6
453,9
453,1
453,8
454,6
454,9
454,4
455,7
455,9
455,6
456,6
456,6
456,9
457,4
457,9
457,8
458,8
458,7
458,2
459,7
459,4
459,7
460,6
460,1
460,9
461,6
461,2
461,2
462,6
462,2
462,1
463,5
463,6
463,6
464,2
464,5
464,9
465,6
465,2
465,5
466,9
466,1
466,1
467,2
467,9
467,8
468,9
468,5
468,1
469,2
469,6
469,5
470,9
470,8
470,9
471,2
471,6
471,5
472,8
472,6
472,5
473,8
473,9
473,10
474,4
474,1
474,6
475,3
475,9
475,2
476,10
476,6
476,1
477,5
477,5
477,1
478,1
478,11
478,10
479,2
479,1
479,10
480,9
480,2
480,0
481,10
481,9
481,5
482,1
482,8
482,3
483,2
483,2
483,6
484,2
484,10
484,5
485,1
485,6
485,6
486,2
486,8
486,5
487,2
487,6
487,1
488,5
488,0
488,7
489,2
489,2
489,10
490,1
490,2
490,10
491,1
491,0
491,10
492,2
492,0
492,5
493,8
493,0
493,10
494,2
494,2
494,2
495,2
495,1
495,6
496,9
496,8
496,10
497,5
497,2
497,6
498,2
498,5
498,10
499,6
499,2
499,2
500,2
500,6
500,2
501,9
501,8
501,11
502,5
502,8
502,4
503,1
503,6
503,2
504,9
504,2
504,1
505,6
505,9
505,1
506,9
506,2
506,2
507,6
507,6
507,9
508,5
508,6
508,2
509,2
509,6
509,6
510,5
510,2
510,10
511,5
511,0
511,5
512,10
512,2
512,4
513,5
513,8
513,6
514,2
514,2
514,5
515,8
515,9
515,9
516,2
516,6
516,10
517,2
517,2
517,4
518,2
518,0
518,5
519,6
519,1
519,10
520,6
520,2
520,5
521,1
521,6
521,1
522,1
522,2
522,2
523,6
523,2
523,10
524,2
524,2
524,3
525,2
525,5
525,8
526,1
526,0
526,10
527,2
527,6
527,3
528,10
528,1
528,10
529,2
529,6
529,8
530,2
530,2
530,8
531,6
531,10
531,8
532,5
532,10
532,8
533,2
533,6
533,8
534,2
534,8
534,3
535,6
535,6
535,4
536,8
536,5
536,8
537,1
537,8
537,8
538,2
538,8
538,8
539,5
539,6
539,6
540,2
540,6
541,2
541,6
542,2
542,6
543,2
543,8
544,2
544,2
545,2
545,0
546,2
546,0
547,5
547,6
548,11
548,11
549,1
549,0
550,9
550,0
551,2
551,5
552,5
552,5
553,8
553,1
554,8
554,10
555,6
555,2
556,2
556,8
557,2
557,8
558,6
558,5
559,2
559,1
560,6
560,5
561,2
561,4
562,6
562,9
563,2
563,6
564,0
564,2
565,6
565,6
566,1
566,2
567,6
567,9
568,6
568,2
569,4
569,10
570,2
570,6
571,2
571,2
572,2
572,6
573,2
573,2
574,2
574,2
575,2
575,2
576,2
576,2
577,2
577,7
578,10
578,2
579,6
579,2
580,5
580,2
581,8
581,2
582,0
582,2
583,6
583,2
584,0
584,10
585,6
585,6
586,6
586,6
587,2
587,11
588,6
588,2
589,2
589,0
590,6
590,6
591,2
591,2
592,0
592,6
593,5
593,6
594,2
594,0
595,2
595,0
596,2
596,0
597,2
597,2
598,11
598,6
599,2
599,2
600,5
600,2
601,9
601,6
602,7
602,6
603,1
603,6
604,9
604,9
605,2
605,2
606,2
606,2
607,2
607,2
608,1
608,2
609,4
609,11
610,1
610,6
611,2
611,6
612,2
612,6
613,8
613,1
614,2
614,6
615,1
615,1
616,1
616,10
617,9
617,2
618,2
618,2
619,5
619,1
620,2
620,2
621,9
621,2
622,2
622,1
623,9
623,6
624,6
624,2
625,2
625,2
626,2
626,2
627,6
627,2
628,6
628,10
629,0
629,6
630,1
630,9
631,10
631,2
632,8
632,1
633,2
633,0
634,1
634,2
635,2
635,2
636,5
636,2
637,2
637,0
638,2
638,2
639,2
639,2
640,2
640,2
641,10
641,6
642,2
642,2
643,2
643,10
644,2
644,2
645,2
645,9
646,5
646,2
647,8
647,2
648,2
648,2
649,2
649,4
650,6
650,2
651,5
651,9
652,5
652,2
653,1
653,2
654,6
654,2
655,2
655,9
656,4
656,1
657,2
657,6
658,5
658,6
659,1
659,6
660,7
660,10
661,2
661,8
662,1
662,8
663,10
663,2
664,10
664,2
665,5
665,2
666,9
666,2
667,0
667,2
668,5
668,2
669,2
669,5
670,5
670,2
671,1
671,0
672,10
672,6
673,5
673,2
674,5
674,0
675,9
675,2
676,7
676,2
677,2
677,2
678,5
678,8
679,2
679,3
680,2
680,2
681,6
681,2
682,2
682,6
683,2
683,2
684,6
684,5
685,2
685,6
686,2
686,9
687,10
687,8
688,8
688,8
689,2
689,2
690,5
690,2
691,5
691,2
692,7
692,9
693,2
693,6
694,5
694,2
695,2
695,7
696,2
696,6
697,10
697,0
698,10
698,2
699,5
699,2
700,9
700,10
701,2
701,2
702,3
702,9
703,9
703,2
704,5
704,2
705,4
705,5
706,9
706,1
707,1
707,7
708,2
708,2
709,3
709,6
710,5
710,4
711,2
712,0
713,2
714,9
715,6
716,6
717,8
718,5
719,2
720,6
721,2
722,2
723,2
724,9
725,2
726,2
727,11
728,8
729,10
730,2
731,1
732,1
733,8
734,9
735,6
736,6
737,2
738,0
739,6
740,2
741,2
742,2
743,2
744,6
745,2
746,0
747,2
748,8
749,2
750,6
751,2
752,2
753,2
754,2
755,11
756,11
757,2
758,2
759,6
760,2
761,5
762,2
763,6
764,11
765,2
766,2
767,2
768,1
769,11
770,6
771,5
772,8
773,0
774,0
775,2
776,6
777,0
778,0
779,0
780,2
781,1
782,2
783,6
784,6
785,2
786,9
787,2
788,6
789,2
790,2
791,6
792,9
793,6
794,10
795,8
796,2
797,2
798,2
799,6
800,6
801,8
802,9
803,2
804,11
805,6
806,5
807,6
808,2
809,2
810,1
811,2
812,6
813,6
814,1
815,1
816,2
817,2
818,2
819,2
820,9
821,10
822,2
823,2
824,4
825,2
826,9
827,2
828,2
829,2
830,6
831,6
832,2
833,2
834,0
835,5
836,10
837,9
838,9
839,2
840,1
841,1
842,2
843,6
844,5
845,2
846,9
847,6
848,8
849,1
850,7
851,2
852,2
853,2
854,4
855,9
856,6
857,1
858,1
859,5
860,2
861,2
862,2
863,2
864,9
865,2
866,2
867,0
868,5
869,10
870,5
871,2
872,9
873,2
874,6
875,2
876,2
877,2
878,9
879,6
880,6
881,2
882,6
883,6
884,8
885,1
886,6
887,2
888,9
889,1
890,10
891,1
892,3
893,5
894,3
895,2
896,1
897,3
898,1
899,3
900,5
901,2
902,2
903,8
904,2
905,2
906,10
907,1
908,2
909,3
910,2
911,6
912,8
913,8
914,6
915,6
916,6
917,2
918,2
919,6
920,8
921,8
922,6
923,2
924,8
925,8
